1.811691416050000214e+02,8.601806719261923035e+02
3.271045275809999566e+02,2.625019152020738602e+02
4.770901518480000050e+02,1.995016216122848220e+02
6.271365026770000668e+02,1.713130752637863168e+02
7.766145645249999916e+02,1.501428806597367895e+02
9.252493178510000007e+02,1.337007171252780324e+02
1.073649183698000115e+03,1.205658554566785909e+02
1.221720808524999939e+03,1.097749084190966329e+02
1.369069184958000051e+03,1.012301421966083268e+02
1.516510212413000090e+03,9.391030833480706974e+01
1.663341859145999933e+03,8.786730774724070159e+01
1.809580722434000108e+03,8.248667820606929979e+01
1.955300413976000073e+03,7.836020057777002989e+01
2.100517173467999783e+03,7.439235857317849820e+01
2.245880125902999680e+03,7.110990382962447143e+01
2.391089328414999727e+03,6.811725038936042154e+01
2.535882597930999964e+03,6.540221962142994983e+01
2.680410860248999597e+03,6.289858815492056721e+01
2.824567457301999639e+03,6.077602431492842783e+01
2.968569069369999852e+03,5.903431755598629138e+01
3.112283953626999846e+03,5.740422507424293741e+01
3.255892607101999602e+03,5.578428665132401676e+01
3.399206952361999811e+03,5.439209967077140817e+01
3.542303207313999792e+03,5.303735287560625977e+01
3.685021919446999618e+03,5.186860663889847700e+01
3.828145283709999603e+03,5.066504514928355718e+01
3.970828006639999785e+03,4.965580692034966859e+01
4.113907028693000029e+03,4.898021897935437607e+01
4.256338101832000575e+03,4.788437576722959221e+01
4.398627394850000201e+03,4.697876777049968666e+01
4.540780521732000125e+03,4.628330600775278469e+01
4.682295875356000579e+03,4.561821932442686034e+01
4.824467663366000124e+03,4.481761102059779489e+01
4.966244213302000389e+03,4.411553137287829429e+01
5.108081943780000074e+03,4.356416822858175664e+01
5.249763235168000392e+03,4.307036224113334555e+01
5.391182325376000335e+03,4.248836700126300769e+01
5.532749198112000158e+03,4.181517634012472229e+01
5.673872756667000431e+03,4.147829660445072619e+01
5.815634753033999914e+03,4.085388772484412101e+01
5.957653399653000633e+03,4.071480755518089723e+01
6.099427719893999893e+03,4.011440017936543256e+01
6.240696367958999872e+03,3.964971455665610023e+01
6.382320376253000177e+03,3.913037137504771579e+01
6.523808139181000115e+03,3.883049521360468503e+01
6.665765235918000144e+03,3.836402694652932155e+01
6.807456072388999928e+03,3.804508669367939433e+01
6.949055863215000500e+03,3.768467322798824171e+01
7.090412852099000702e+03,3.735088910436606824e+01
7.232229789120000532e+03,3.696643442427297543e+01
7.373853490853000039e+03,3.681597490468831779e+01
7.515678539084000477e+03,3.641984106116913011e+01
7.656813219192999895e+03,3.606402084590869350e+01
7.798473540095999851e+03,3.595685477355279858e+01
7.939905623526000454e+03,3.557569821132731391e+01
8.081007879761000368e+03,3.492688463857285086e+01
8.222108321044999684e+03,3.492175283725133994e+01
8.363238002815000073e+03,3.477456244073634650e+01
8.505028121457000452e+03,3.432303086778220091e+01
8.646310446473000411e+03,3.420969498610555348e+01
8.787703509953000321e+03,3.396887410038114297e+01
8.929065003055000489e+03,3.354528379624628798e+01
9.070210441957000512e+03,3.322259544142978882e+01
9.211524202807000620e+03,3.299664252773287387e+01
9.353319014882999909e+03,3.292719884947958775e+01
9.494574553304000801e+03,3.265314565557613236e+01
9.635235694695000348e+03,3.231586147495993799e+01
9.776151705383001172e+03,3.234803719430262703e+01
9.917097935212999801e+03,3.209102154569795573e+01
1.005801885867500096e+04,3.189112501296508029e+01
1.019955741517200113e+04,3.181682720271029652e+01
1.034021886280000035e+04,3.123038675494028027e+01
1.048096250759699979e+04,3.137428659333390613e+01
1.062209263169699989e+04,3.105636433020205089e+01
1.076316751868699976e+04,3.078646408619264463e+01
1.090475303374199939e+04,3.047713989364197573e+01
1.104575081958600094e+04,3.041844680352582131e+01
1.118673449463100042e+04,3.041138590132765174e+01
1.132759630436599946e+04,3.014481882485360842e+01
1.146819324480199975e+04,2.979613140415058581e+01
1.160904939175700019e+04,2.982801675736529390e+01
1.175004586797999946e+04,2.938502014717304789e+01
1.189112104913400071e+04,2.958352087128545449e+01
1.203188687939200099e+04,2.934511728618219806e+01
1.217296033932499995e+04,2.893077421337389765e+01
1.231433653628799948e+04,2.895455036617495992e+01
1.245530580154000018e+04,2.866651658515431933e+01
1.259594178952999937e+04,2.834823247675504021e+01
1.273720697900599953e+04,2.849695536356237113e+01
1.287811854705599944e+04,2.828551394373709371e+01
1.301925553679000041e+04,2.811099708208517356e+01
1.316037705227300103e+04,2.804744709699235727e+01
1.330144888426299985e+04,2.783344036826128232e+01
1.344288271219200033e+04,2.775373310263195137e+01
1.358448950395999964e+04,2.766807752229937023e+01
1.372545641733299999e+04,2.760527561300959931e+01
1.386647685209399970e+04,2.730793708502615758e+01
1.400743092709300072e+04,2.689127486919803545e+01
1.414837868089599942e+04,2.706709822543959731e+01
1.428932050668800002e+04,2.685775568052148898e+01
1.442982769947700035e+04,2.669101434384008797e+01
1.457056018351400053e+04,2.665985398894038383e+01
1.471121933752500081e+04,2.660144517896324245e+01
1.485160299740499977e+04,2.638869199237015550e+01
1.499209724206800092e+04,2.612830721824008862e+01
1.513305321700300010e+04,2.616737706347844394e+01
1.527447134679100054e+04,2.589524341923055673e+01
1.541482152186100029e+04,2.594213194369262609e+01
1.555521359647700046e+04,2.570208644819340904e+01
1.569563163432700094e+04,2.555012670054102486e+01
1.583605647183899964e+04,2.552552208103731246e+01
1.597681541749400094e+04,2.526389764282475525e+01
1.611762740564300111e+04,2.532245919383959532e+01
1.625854998469500060e+04,2.501076460174932592e+01
1.639999902723299965e+04,2.512215350752781973e+01
1.654109704504599722e+04,2.499752226159906598e+01
1.668266863599499993e+04,2.479894766267266704e+01
1.682394632245899993e+04,2.458982692701670558e+01
1.696485720824300006e+04,2.469677309816900035e+01
1.710603387086799921e+04,2.437931634357875765e+01
1.724724471761899986e+04,2.437501445724273452e+01
1.738835089018299914e+04,2.425840701666696830e+01
1.752922960469499958e+04,2.426417218068473503e+01
1.767015458966499864e+04,2.401404571718619252e+01
1.781109011723799995e+04,2.399478363531248704e+01
1.795212280264299989e+04,2.385218061155008229e+01
1.809308557292600017e+04,2.363675214382803702e+01
1.823382403258499835e+04,2.358302927206314692e+01
1.837482376708399897e+04,2.344452031004908932e+01
1.851616686701099752e+04,2.335501572051213159e+01
1.865824193153699889e+04,2.336831726184041713e+01
1.879890106912799820e+04,2.325056855405284040e+01
1.894002400834199943e+04,2.317363272086018711e+01
1.908095395597499737e+04,2.304717164380434724e+01
1.922237971464899965e+04,2.288519317379660478e+01
1.936362149662799857e+04,2.292146034928618548e+01
1.950495711070600009e+04,2.277633478988284210e+01
1.964674237423699742e+04,2.263755852027097504e+01
1.978799346636900009e+04,2.260111440632683255e+01
1.992939306935499917e+04,2.251042642371220737e+01
2.007079938761899757e+04,2.243302223478166724e+01
2.021299055726999723e+04,2.229388373828907177e+01
2.035457861763499750e+04,2.236085699200893018e+01
2.049605046128799950e+04,2.230069208193794239e+01
2.063736803216999760e+04,2.211056480694303517e+01
2.077876490695299799e+04,2.206741927297028383e+01
2.092026049924600011e+04,2.199940034348123064e+01
2.106166498467599740e+04,2.182045130943351907e+01
2.120242188394799814e+04,2.187616760015389517e+01
2.134350066259499727e+04,2.170627156184763962e+01
2.148483108157699826e+04,2.167105937691970752e+01
2.162647305653799776e+04,2.149713665286574127e+01
2.176793625318599879e+04,2.164047019502111269e+01
2.190932992254899727e+04,2.142267881338593938e+01
2.205056650613899910e+04,2.129736319483225415e+01
2.219148424491999685e+04,2.129183798168621067e+01
2.233280608246299744e+04,2.114161909230132963e+01
2.247381063933999758e+04,2.117615465728740176e+01
2.261536337243099842e+04,2.109470485929035277e+01
2.275668927433999852e+04,2.110408664136989643e+01
2.289775027869799669e+04,2.079652858704695717e+01
2.303932517913199990e+04,2.069017462685028264e+01
2.318111333802799709e+04,2.071786724022892301e+01
2.332199478923499919e+04,2.059381721395199705e+01
2.346350195690900000e+04,2.070989680178678682e+01
2.360485151613499693e+04,2.020992273999763000e+01
2.374624618323799950e+04,2.061267724607299101e+01
2.388818591762599681e+04,2.049816436635614281e+01
2.402931758718599667e+04,2.028985641478609381e+01
2.417115655767599674e+04,2.030026075318694367e+01
2.431284535965499890e+04,2.023712386673835084e+01
2.445402039511799740e+04,2.014067762656782179e+01
2.459550065290699786e+04,1.988682807154806298e+01
2.473659603093299665e+04,1.995604630579313010e+01
2.487793570447199818e+04,1.977929162121350970e+01
2.501954891870299980e+04,1.994514634591024205e+01
2.516181435073099783e+04,1.980067849817733716e+01
2.530310901709699829e+04,1.979638664519272240e+01
2.544478322317699713e+04,1.970240743499808289e+01
2.558617068156199821e+04,1.960976024078993163e+01
2.572723067583599914e+04,1.949001061306962512e+01
2.586857989862199975e+04,1.948309927460683255e+01
2.601034004072399694e+04,1.932963791055723135e+01
2.615178408053399835e+04,1.940044529213163926e+01
2.629369219979199988e+04,1.933066056822302059e+01
2.643521497794799870e+04,1.928486294693907510e+01
2.657662717898099800e+04,1.915155022969100784e+01
2.671858488795499943e+04,1.924602638828005752e+01
2.686020426856399718e+04,1.912553080630091529e+01
2.700158842850799920e+04,1.901756149611577484e+01
2.714305546503299774e+04,1.877494209793485780e+01
2.728470393786799832e+04,1.876291454940380987e+01
2.742620233539499895e+04,1.887660220576783132e+01
2.756772754521999741e+04,1.877465806848772800e+01
2.770925652607199663e+04,1.871455963610466355e+01
2.785025733565799965e+04,1.872346028942366658e+01
2.799142974525399768e+04,1.863826066107956336e+01
2.813304417154099792e+04,1.859867585224776931e+01
2.827447571362899907e+04,1.854186115294559301e+01
2.841570923338799912e+04,1.838357500014774004e+01
2.855675054615799672e+04,1.842595389272560169e+01
2.869805821984599970e+04,1.821415445189975557e+01
2.883908743532799781e+04,1.828629136034901848e+01
2.898022330323299684e+04,1.824745715789012834e+01
2.912181434702099796e+04,1.819017588274398278e+01
2.926356594508499984e+04,1.813862186851116221e+01
2.940527963947699754e+04,1.799366504687775503e+01
2.954627016622599695e+04,1.798044284626267242e+01
2.968766921709499729e+04,1.796293323077581405e+01
2.982934609024699967e+04,1.796289109093655156e+01
2.997081185602999903e+04,1.777809286396917798e+01
3.011217026355299822e+04,1.793229039969642002e+01
3.025373857635999957e+04,1.763393138002875560e+01
3.039552549321499828e+04,1.776615855238370401e+01
3.053777095544299664e+04,1.774193559412949739e+01
3.067925466565699753e+04,1.768679948948761194e+01
3.082140476072099773e+04,1.771489992521851065e+01
3.096304961067399927e+04,1.746235858526906881e+01
3.110485643446399990e+04,1.752933865531404578e+01
3.124643564601499747e+04,1.740645041104051671e+01
3.138859879643699969e+04,1.741428445568706351e+01
3.152986797186199692e+04,1.726322965149017108e+01
3.167095655160999740e+04,1.727338643386227446e+01
3.181190998916199896e+04,1.732235990035232120e+01
3.195373631137600023e+04,1.705382971976594320e+01
3.209489273051799682e+04,1.711732565606023471e+01
3.223625222646099792e+04,1.710373000579830460e+01
3.237745336713199868e+04,1.712286942306361937e+01
3.251895093247899786e+04,1.719066853030153297e+01
3.266068343293699945e+04,1.689798693592463508e+01
3.280263078676599980e+04,1.706809560638752998e+01
3.294423005774200283e+04,1.689538817209525590e+01
3.308625458723400516e+04,1.678907421954077606e+01
3.322806236289300432e+04,1.690508693278058772e+01
3.336966823226099950e+04,1.670425186825925223e+01
3.351157755568100401e+04,1.670241059524323646e+01
3.365315610144100356e+04,1.660308163285960248e+01
3.379498698693400365e+04,1.663776534378892791e+01
3.393704676490500424e+04,1.658282311987291280e+01
3.407860650716799864e+04,1.654159975776600788e+01
3.422001710567400005e+04,1.653959954021938472e+01
3.436133450412499951e+04,1.645842102922345518e+01
3.450307820877500490e+04,1.638215250910941734e+01
3.464441535344400472e+04,1.653247935314545103e+01
3.478610296465200372e+04,1.631640577743155873e+01
3.492744179016900307e+04,1.634738923384465181e+01
3.506982837754900538e+04,1.636564708783344102e+01
3.521140606845800357e+04,1.629252686231550129e+01
3.535279864862799877e+04,1.607441934968976582e+01
3.549455808234500000e+04,1.606038289596186530e+01
3.563616043170700141e+04,1.617979583676161326e+01
3.577828995370900520e+04,1.596554724423571336e+01
3.591968964836100349e+04,1.605710606965139320e+01
3.606084529527300037e+04,1.587788893727748452e+01
3.620211796314600360e+04,1.601227543334799108e+01
3.634378140408000036e+04,1.586628292514781435e+01
3.648508931900400057e+04,1.595010518979165681e+01
3.662642427839800075e+04,1.582516405256825998e+01
3.676773314147900237e+04,1.582241554629444380e+01
3.690963167662200431e+04,1.583037304095889830e+01
3.705092198098399967e+04,1.568806355777184436e+01
3.719247166093299893e+04,1.563687410112132170e+01
3.733393862889600132e+04,1.565314055678833860e+01
3.747526106277000508e+04,1.562188349550199895e+01
3.761695200049700361e+04,1.554053660014154481e+01
3.775863866453700030e+04,1.550609380496801570e+01
3.789997784483899886e+04,1.553774718531465027e+01
3.804173378840800433e+04,1.547354040425932631e+01
3.818313766993000172e+04,1.551635280955228069e+01
3.832469403387800412e+04,1.532414174109532112e+01
3.846610129549900012e+04,1.537696027753088579e+01
3.860740641566699924e+04,1.542275999964433097e+01
3.874887448347399913e+04,1.531270101393777416e+01
3.889024657797300461e+04,1.531232668461668567e+01
3.903157871964500373e+04,1.539743464857172306e+01
3.917368545684600394e+04,1.528472857084986103e+01
3.931572834113400313e+04,1.523866677218649279e+01
3.945731553714400070e+04,1.506320091051884980e+01
3.959933101881100447e+04,1.510196279248076401e+01
3.974157789021200006e+04,1.509109611986338884e+01
3.988308085583500360e+04,1.505544237892044634e+01
4.002462125001299864e+04,1.511897529302731691e+01
4.016638816507500451e+04,1.511680549563497422e+01
4.030816086958400410e+04,1.486681007957889022e+01
4.044985944855699927e+04,1.485111439721262094e+01
4.059146660172600241e+04,1.486819773156070745e+01
4.073334062198099855e+04,1.479155214431184895e+01
4.087547173819900490e+04,1.479022489975741017e+01
4.101727772066300531e+04,1.479537569189883151e+01
4.115937919394100027e+04,1.476103691281898023e+01
4.130102837987000385e+04,1.471817818441161663e+01
4.144336798715800251e+04,1.459147060769198845e+01
4.158532278635900002e+04,1.473083208234273656e+01
4.172733759694300534e+04,1.472141009993570471e+01
4.186908854888100177e+04,1.448991878608688211e+01
4.201098604100100056e+04,1.447080163761223304e+01
4.215247835560000385e+04,1.449038597704969256e+01
4.229456659543100250e+04,1.448067153078264369e+01
4.243655730842800403e+04,1.445036026751708569e+01
4.257839779615600128e+04,1.445508448860551631e+01
4.272063412525400054e+04,1.437077396302552579e+01
4.286227128920500400e+04,1.442910587222181462e+01
4.300395864353900106e+04,1.441981616286918921e+01
4.314555374327300524e+04,1.443314193179839400e+01
4.328729688648800220e+04,1.421502635758947442e+01
4.342851000861600187e+04,1.427005712771224211e+01
4.357010860451600456e+04,1.430980175559074752e+01
4.371202766757200152e+04,1.430772367412173729e+01
4.385413722029000201e+04,1.414708857114379370e+01
4.399588255134100473e+04,1.409705919123082296e+01
4.413734124000999873e+04,1.420306880281614248e+01
4.427895907406799961e+04,1.411720918310225059e+01
4.442024813287999859e+04,1.420922500039534064e+01
4.456177474603900191e+04,1.400009643432125017e+01
4.470355893522800034e+04,1.396887072417268705e+01
4.484492644803399889e+04,1.398823570824185403e+01
4.498656769557100051e+04,1.401739455356224440e+01
4.512817345905300317e+04,1.399933690284998811e+01
4.527007813643600093e+04,1.388890718843206962e+01
4.541215898674500204e+04,1.392247140643542558e+01
4.555420503832000395e+04,1.387413326257915713e+01
4.569597345591100020e+04,1.391139900972497756e+01
4.583759560417500325e+04,1.388226548532620619e+01
4.597936532753299980e+04,1.370286925670987088e+01
4.612107738035700459e+04,1.369393713114030220e+01
4.626320047264200548e+04,1.354909264406027880e+01
4.640505856619900442e+04,1.373215626091917052e+01
4.654669661743900360e+04,1.364590976751448892e+01
4.668859334554900124e+04,1.364522786070800819e+01
4.683072536139799922e+04,1.360472824053015195e+01
4.697200440970600175e+04,1.370182644890175894e+01
4.711403170856900397e+04,1.349213990100655636e+01
4.725536327522699867e+04,1.347025805750317851e+01
4.739673400409299938e+04,1.362701472796076985e+01
4.753819279280100454e+04,1.350672837350081501e+01
4.767984984327200073e+04,1.351863474526041031e+01
4.782136396116900141e+04,1.352114211825269940e+01
4.796298853895600041e+04,1.345727949973338333e+01
4.810450751718800166e+04,1.332928347937888880e+01
4.824568302359399968e+04,1.340793831255527557e+01
4.838711198239800433e+04,1.330225165203435189e+01
4.852885421872900042e+04,1.338999205498634204e+01
4.867023506792099943e+04,1.322937365577316271e+01
4.881160571754300327e+04,1.322135052221768881e+01
4.895313428048800415e+04,1.330028429990087702e+01
4.909500949858700187e+04,1.331935087435612708e+01
4.923642919561199960e+04,1.330664505623729710e+01
4.937796637204400031e+04,1.311177277436725497e+01
4.951911070913400181e+04,1.322037717359439668e+01
4.966013463448200491e+04,1.313853857836175543e+01
4.980167822227199940e+04,1.309497384086797744e+01
4.994315175822200399e+04,1.304646277303645618e+01
5.008451460841500375e+04,1.319768162864012062e+01
5.022576806045600097e+04,1.300509074992569225e+01
5.036735021810900071e+04,1.305832911796297502e+01
5.050865191352400143e+04,1.306408761972255306e+01
5.064964292120400205e+04,1.297967141442513395e+01
5.079126553710800363e+04,1.289302079977232474e+01
5.093269799427399994e+04,1.293354285843006934e+01
5.107414806043900171e+04,1.297256360798116148e+01
5.121545971831800125e+04,1.289131900232876049e+01
5.135687980552200315e+04,1.287291928994903678e+01
5.149835882280499936e+04,1.281555327769684816e+01
5.163977122145899921e+04,1.291274932126335884e+01
5.178097209019499860e+04,1.283358781150807637e+01
5.192256955701800325e+04,1.268771972473373388e+01
5.206404791751200537e+04,1.284471006651684633e+01
5.220502908863400080e+04,1.280729100351320326e+01
5.234663586547299928e+04,1.276285424950481584e+01
5.248753389257600065e+04,1.277708410335655387e+01
5.262843142846900446e+04,1.269135824831805692e+01
5.276913222112799849e+04,1.267523787104770783e+01
5.291080476380300388e+04,1.263652158929311398e+01
5.305186220457799936e+04,1.267599051016581768e+01
5.319361130796700309e+04,1.255974015327307747e+01
5.333453952362400014e+04,1.258615339894583940e+01
5.347578960785000527e+04,1.262432223955617872e+01
5.361716028490100143e+04,1.252336295225145868e+01
5.375866522204200010e+04,1.242977572058098978e+01
5.389948384280800383e+04,1.240510199092441113e+01
5.404098343713000213e+04,1.249291225447915288e+01
5.418238382280400401e+04,1.251207269167133340e+01
5.432359133404800377e+04,1.249327508193336556e+01
5.446464944081200520e+04,1.245799674423966330e+01
5.460591003652500513e+04,1.231831108801945618e+01
5.474732833217600273e+04,1.250745941598718680e+01
5.488833901444799994e+04,1.242817078747402171e+01
5.502963343233200430e+04,1.239838576673536430e+01
5.517058716872300283e+04,1.224686452732171382e+01
5.531192930844900548e+04,1.236373409280299640e+01
5.545303601663400332e+04,1.236528389695525476e+01
5.559391713270300534e+04,1.228493346244840723e+01
5.573532495618100074e+04,1.227282926404414276e+01
5.587680688247400394e+04,1.217714342612717893e+01
5.601811477119600022e+04,1.224462369753413427e+01
5.615944037130300421e+04,1.219423826717795123e+01
5.630117184888599877e+04,1.219943751941655208e+01
5.644324737432600523e+04,1.215948012629766062e+01
5.658477497411199874e+04,1.221339930990509792e+01
5.672590697605500463e+04,1.213929690374006043e+01
5.686713594697300141e+04,1.215022364777283848e+01
5.700853469445399969e+04,1.205559499241496546e+01
5.714945048877299996e+04,1.210705914939287631e+01
5.729084619676299917e+04,1.210012165206341983e+01
5.743249501751400385e+04,1.209059706432853254e+01
5.757362044380199950e+04,1.199824028897805128e+01
5.771473444414199912e+04,1.206830529902608973e+01
5.785670851597800356e+04,1.199596343457285919e+01
5.799783857600700139e+04,1.217625869838582453e+01
5.813961632669700339e+04,1.187467596885063337e+01
5.828225110408900218e+04,1.190237984320774167e+01
5.842387935517100414e+04,1.189244665613314211e+01
5.856480513261700253e+04,1.185768235862327913e+01
5.870586678112300433e+04,1.187596524115860852e+01
5.884745968361400446e+04,1.174625814163809423e+01
5.898849125848200492e+04,1.186534485920583215e+01
5.912987193640899932e+04,1.185957401128538180e+01
5.927109460421599942e+04,1.188023950572883969e+01
5.941281694718600193e+04,1.176301890547842000e+01
5.955343967689300189e+04,1.175905069424507587e+01
5.969482078463100333e+04,1.177572632606194603e+01
5.983599463518400444e+04,1.176996495850008628e+01
5.997693752260100155e+04,1.180865988532350386e+01
6.011872966203399847e+04,1.167940508186962312e+01
6.026014831550500094e+04,1.168181593211487090e+01
6.040117229467500147e+04,1.165233995467107242e+01
6.054201871873100026e+04,1.152126272411494412e+01
6.068310596049499873e+04,1.167670354120306797e+01
6.082372375223600102e+04,1.147422000113960650e+01
6.096534519160399941e+04,1.139652417389585182e+01
6.110701384141600283e+04,1.157984163917894271e+01
6.124823845661200176e+04,1.153080762909437951e+01
6.138905263145900244e+04,1.162301160340672723e+01
6.152986628915199981e+04,1.154266296976347839e+01
6.167101204317399970e+04,1.155460283042346781e+01
6.181196412285100087e+04,1.147511670492570701e+01
6.195309330936100014e+04,1.145421909240985059e+01
6.209403389625600539e+04,1.154413497188560989e+01
6.223523000330699870e+04,1.155722158029405477e+01
6.237677555536000000e+04,1.138940825816131230e+01
6.251794069569899875e+04,1.144457869670028494e+01
6.265913293182699999e+04,1.143495325194690615e+01
6.280016304825500265e+04,1.140447111057554430e+01
6.294092210133399931e+04,1.130253066984709065e+01
6.308205887410700234e+04,1.143505438063441737e+01
6.322337434437800403e+04,1.133814557375978538e+01
6.336439832326300530e+04,1.132333525766386195e+01
6.350554271077800513e+04,1.133544356895113658e+01
6.364683894873600366e+04,1.115194957819432631e+01
6.378770679699700122e+04,1.126187643167640395e+01
6.392947799732300336e+04,1.122622527011536775e+01
6.407115441896400444e+04,1.127874707245322305e+01
6.421270276236800419e+04,1.125800868148001221e+01
6.435389653864400316e+04,1.122911357040330138e+01
6.449528745872899890e+04,1.122808150601272636e+01
6.463634363808800117e+04,1.125349407564212179e+01
6.477762401111000509e+04,1.114032592415943590e+01
6.491906293909200031e+04,1.126306958810401682e+01
6.506018034644300496e+04,1.116977478694410308e+01
6.520099207440200553e+04,1.112849855397606369e+01
6.534239592549800000e+04,1.119371003927355090e+01
6.548455135071700352e+04,1.108172193973226705e+01
6.562594686150699272e+04,1.110310000059261704e+01
6.576735434434299532e+04,1.116556082367059943e+01
6.590819394297299732e+04,1.100668274833728866e+01
6.604886618040199392e+04,1.101312961259416134e+01
6.618966090696699393e+04,1.103300879494976350e+01
6.633095176546099538e+04,1.103295021226261419e+01
6.647272341032199620e+04,1.092064300466763527e+01
6.661382618243400066e+04,1.114126592175565200e+01
6.675458077893299924e+04,1.096207016217703689e+01
6.689546743942800094e+04,1.078243277481538165e+01
6.703617973924899707e+04,1.100845961932201433e+01
6.717749774098698981e+04,1.085058441790090278e+01
6.731969158222399710e+04,1.080887897190188163e+01
6.746163951256999280e+04,1.096426133832753536e+01
6.760309062390899635e+04,1.094951479976312569e+01
6.774417216497600020e+04,1.091783036620521052e+01
6.788596193831399432e+04,1.088737296586746695e+01
6.802723648399299418e+04,1.100162309805658367e+01
6.816834036125899001e+04,1.090818626826197502e+01
6.830913236290799978e+04,1.078164515965628389e+01
6.845021645512299438e+04,1.084684019766635643e+01
6.859169185518698941e+04,1.079385486679550077e+01
6.873288807984799496e+04,1.075619966515725068e+01
6.887462638678000076e+04,1.090878652213816480e+01
6.901613317220399040e+04,1.080098046938197598e+01
6.915777148895799473e+04,1.087497111271179051e+01
6.929893195743099204e+04,1.076428820779436712e+01
6.944031645508098882e+04,1.073587620001768350e+01
6.958144914100298774e+04,1.070620806740455144e+01
6.972319211085599090e+04,1.060717409397504518e+01
6.986502503472298849e+04,1.064613292568652625e+01
7.000648373752299813e+04,1.066646850623155451e+01
7.014840051727699756e+04,1.068546688057182514e+01
7.028932274974799657e+04,1.062299735727135896e+01
7.043026103384100134e+04,1.059802968865418293e+01
7.057152202103399031e+04,1.068023347004495172e+01
7.071224724292699830e+04,1.053823398631646491e+01
7.085380338178199599e+04,1.060206153080349267e+01
7.099533573784299369e+04,1.049064352260684885e+01
7.113652954708298785e+04,1.054461308904398287e+01
7.127754039611399639e+04,1.070598022535864402e+01
7.141882727418799186e+04,1.050295361753704171e+01
7.156028436440799851e+04,1.047675277371287983e+01
7.170166687670399551e+04,1.046765619640566136e+01
7.184287350365000020e+04,1.049703026017534135e+01
7.198427371940299054e+04,1.040729840056662958e+01
7.212493978248599160e+04,1.052319220593744831e+01
7.226686209950799821e+04,1.040167555460626048e+01
7.240798380557500059e+04,1.047156230191810344e+01
7.254937395275098970e+04,1.052521377222944388e+01
7.269019474052499572e+04,1.040761061617906336e+01
7.283156059060199186e+04,1.042461641250909743e+01
7.297288570870900003e+04,1.038541043151086640e+01
7.311374463925199234e+04,1.039880140493318628e+01
7.325477204597200034e+04,1.040077295733981622e+01
7.339624291479299427e+04,1.039420772400305104e+01
7.353715432469399821e+04,1.033700270491823758e+01
7.367813786649599206e+04,1.023028961488187072e+01
7.381920024104099139e+04,1.032659473749191825e+01
7.396032767883999622e+04,1.039193976104637507e+01
7.410114983280999877e+04,1.039437475323548199e+01
7.424239659795799525e+04,1.018643490616832459e+01
7.438333672789498814e+04,1.033879392085653137e+01
7.452398569137899904e+04,1.032195905923875934e+01
7.466479930346999026e+04,1.022567634416327387e+01
7.480627711419599655e+04,1.017833215376511724e+01
7.494746032832999481e+04,1.022726081569728152e+01
7.508826536541599489e+04,1.021836966941654623e+01
7.522943023889898905e+04,1.024892192112443823e+01
7.537050833136599977e+04,1.009589964496488435e+01
7.551187847823799530e+04,1.027866145744572535e+01
7.565281018912600121e+04,1.015999104427285005e+01
7.579370276849198854e+04,1.018051993302750624e+01
7.593412727090099361e+04,1.025758052388651898e+01
7.607503072488399630e+04,1.018207125314454586e+01
7.621575305654099793e+04,1.011440271089430709e+01
7.635688734147099603e+04,1.016262087426831329e+01
7.649846567061298992e+04,1.008006804917493682e+01
7.663922124859500036e+04,1.008625523918723310e+01
7.678011862846899021e+04,1.016278442374795610e+01
7.692147696512899711e+04,1.009185299319503315e+01
7.706237867476099927e+04,1.007324185607700251e+01
7.720340052464399196e+04,9.978409579253327166e+00
7.734490361321999808e+04,9.960028082930717730e+00
7.748603355679099332e+04,1.007906292010300575e+01
7.762701270983299764e+04,9.972611528778012158e+00
7.776786563107099209e+04,9.984267559475457077e+00
7.790889678168699902e+04,1.000741260615495776e+01
7.804971519548298966e+04,1.001173730103595361e+01
7.819131643191899639e+04,9.962882142968684462e+00
7.833242363426499651e+04,9.912314921648826882e+00
7.847370293668800150e+04,1.000171405646784173e+01
7.861467086745199049e+04,9.935988076098363209e+00
7.875590212179599621e+04,9.872116179800725533e+00
7.889710648390399001e+04,9.875036966576713482e+00
7.903839758773799986e+04,9.895008204521682060e+00
7.917921827584999846e+04,9.852504333621057597e+00
7.932006556386499142e+04,9.866130439649204220e+00
7.946102461616399523e+04,9.717684407680854619e+00
7.960201717650599312e+04,9.871719918532832594e+00
7.974273448929599544e+04,9.768836664898376654e+00
7.988369454356600181e+04,9.823579682545949154e+00
8.002464429458299128e+04,9.797275703433037108e+00
8.016572360429399123e+04,9.774177765609422863e+00
8.030752031225699466e+04,9.924631194906003984e+00
8.044889387553799315e+04,9.865586887132780092e+00
8.058987947461499425e+04,9.794285984729677708e+00
8.073143351491900103e+04,9.822897876144669027e+00
8.087285273324599257e+04,9.720281537239484848e+00
8.101360474745299143e+04,9.844396268217295187e+00
8.115504176369999186e+04,9.799748274201348863e+00
8.129626551598298829e+04,9.740783328075243830e+00
8.143716205109898874e+04,9.692554946748929368e+00
8.157828418133199739e+04,9.739931114594387651e+00
8.171919646975499927e+04,9.759645963865869689e+00
8.186037775375098863e+04,9.684268780348038064e+00
8.200209246259399515e+04,9.749944222510759317e+00
8.214377985595699283e+04,9.707949754275706056e+00
8.228483883944299305e+04,9.525343587853955185e+00
8.242561309164199338e+04,9.685342118919024301e+00
8.256635630635199777e+04,9.628999845431730265e+00
8.270736337810699479e+04,9.617863322850528363e+00
8.284850423782199505e+04,9.700887034996824809e+00
8.298953729761599971e+04,9.544568263786025852e+00
8.313006841110398818e+04,9.503920422990443484e+00
8.327063487505099329e+04,9.583827539330920686e+00
8.341147333987199818e+04,9.688927078623409628e+00
8.355252347560899216e+04,9.562040558335912266e+00
8.369334402771000168e+04,9.444193208830254704e+00
8.383459651542198844e+04,9.575103590821834487e+00
8.397597216531798767e+04,9.545133866509143417e+00
8.411655327002400008e+04,9.493838996043605150e+00
8.425768578461399011e+04,9.519965178333297473e+00
8.439877797775599174e+04,9.586239226424154936e+00
8.453927354330099479e+04,9.539604991997510552e+00
8.468015906149499642e+04,9.544108576414112477e+00
8.482088944771498791e+04,9.559335427715154765e+00
8.496167090977200132e+04,9.422720599214155612e+00
8.510309933842299506e+04,9.459305923652438608e+00
8.524378573699899425e+04,9.573949785276058222e+00
8.538459419212499051e+04,9.435150949879487214e+00
8.552571731283499685e+04,9.444024202469002205e+00
8.566620239662699169e+04,9.511761760322103854e+00
8.580682656983099878e+04,9.410166622360300437e+00
8.594745626956899650e+04,9.452083279907276037e+00
8.608872071904799668e+04,9.255332583622818632e+00
8.622950641105299292e+04,9.517887452708736262e+00
8.637046524187599425e+04,9.448144348140584015e+00
8.651209879359399201e+04,9.446032275496961006e+00
8.665349646564100112e+04,9.339400951468510570e+00
8.679467468819799251e+04,9.318222367209076040e+00
8.693545283270700020e+04,9.404430392096610802e+00
8.707765009026799817e+04,9.356088649668349078e+00
8.721865739611900062e+04,9.315769333331312296e+00
8.735971986510200077e+04,9.355758621138317466e+00
8.750092640755699540e+04,9.442443837799670447e+00
8.764181825895200018e+04,9.350171891827509185e+00
8.778256608233498991e+04,9.279810702026320968e+00
8.792363787530499394e+04,9.426492968997834510e+00
8.806496333719899121e+04,9.196421667261466482e+00
8.820579654219000076e+04,9.310349352024990921e+00
8.834710276919399621e+04,9.243275206752258555e+00
8.848808894400999998e+04,9.213487055178193330e+00
8.862905459432999487e+04,9.217364091860028807e+00
8.877026729068400164e+04,9.313204659499922045e+00
8.891181784441298805e+04,9.234614268651608171e+00
8.905309408019199327e+04,9.207236422493258132e+00
8.919420546644998831e+04,9.178009604994219472e+00
8.933549799209099729e+04,9.162938817444519657e+00
8.947705377767699247e+04,9.157790477260730810e+00
8.961844720080899424e+04,9.145288826039134733e+00
8.975955091219898895e+04,9.220947637343144265e+00
8.990048420139799418e+04,9.185097204552919337e+00
9.004205473085898848e+04,9.087208276867452028e+00
9.018367273469999782e+04,9.136229760494302354e+00
9.032484619048799505e+04,9.114025626649278067e+00
9.046640562522799883e+04,9.155861853026394215e+00
9.060755763254599879e+04,9.070356543215249090e+00
9.074871975774699240e+04,9.181087928098497386e+00
9.088996519428399915e+04,9.165989173702387305e+00
9.103118933514399396e+04,9.060558461130348462e+00
9.117212361470099131e+04,9.026831525688185920e+00
9.131315715737099526e+04,9.103034962972376576e+00
9.145460920217599778e+04,8.953066419292019518e+00
9.159642308798199520e+04,9.045725675893621087e+00
9.173748587757699715e+04,9.079798184681575179e+00
9.187874567804898834e+04,9.228368483956874258e+00
9.201990986537298886e+04,9.072044126156260546e+00
9.216099588615099492e+04,9.003648020527673879e+00
9.230199652519400115e+04,8.934258372048736518e+00
9.244274356520599395e+04,8.976238420751238678e+00
9.258381585261099099e+04,9.020032870374802059e+00
9.272525335620599799e+04,8.951233242622121722e+00
9.286637398462499550e+04,9.024431462176881524e+00
9.300760076963499887e+04,9.110287547212507775e+00
9.314948778584499087e+04,8.947029275223719935e+00
9.329070747568299703e+04,9.084397039876355606e+00
9.343251090253899747e+04,8.904326105221077370e+00
9.357401216912099335e+04,8.932437224876839110e+00
9.371533523103699554e+04,9.076939561057955075e+00
9.385651678074899246e+04,8.987537081464186173e+00
9.399803819689799275e+04,9.009956377900685709e+00
9.413948284761099785e+04,8.936648506949689263e+00
9.428082924834798905e+04,8.887641373033668302e+00
9.442218613645200094e+04,8.945836245429042322e+00
9.456318180794898944e+04,8.900910365300209293e+00
9.470456220454299182e+04,8.837855318008328354e+00
9.484579466232199047e+04,8.810529741706822904e+00
9.498707252729398897e+04,9.016626812697769111e+00
9.512840966981399106e+04,8.845271150029416773e+00
9.526944591223399038e+04,8.989524325473457367e+00
9.541060940990698873e+04,8.684839778446940883e+00
9.555190018845599843e+04,8.960478208674665268e+00
9.569243863600899931e+04,8.803051776743552992e+00
9.583317781793398899e+04,8.809037431678287788e+00
9.597383384644398757e+04,8.903420938459003509e+00
9.611489324640099949e+04,8.795144801223287345e+00
9.625564459339299356e+04,8.788845832476326336e+00
9.639708820896699035e+04,8.751423323287909284e+00
9.653799348843899497e+04,8.805143775804042505e+00
9.667978479827399133e+04,8.758065427423570526e+00
9.682061703365799622e+04,8.929316786536428907e+00
9.696181144353699347e+04,8.653834231512407271e+00
9.710287694869199186e+04,8.861974074014975500e+00
9.724433245662398986e+04,8.671437837425830963e+00
9.738568822136499512e+04,8.757327031099622516e+00
9.752671180767400074e+04,8.705597360594733658e+00
9.766800129910100077e+04,8.845668693493502488e+00
9.780950660444700043e+04,8.672572105361485484e+00
9.795141198206698755e+04,8.799547018062689574e+00
9.809243628486199304e+04,8.676243626798159525e+00
9.823358366842199757e+04,8.732231850964595310e+00
9.837495521454598929e+04,8.761527226997527507e+00
9.851637925858800008e+04,8.755105107086103899e+00
9.865728608847600117e+04,8.751653243400877358e+00
9.879788013055399642e+04,8.652300891835499996e+00
9.893979967527400004e+04,8.725490758854526518e+00
9.908113880273098766e+04,8.589214869771957694e+00
9.922225868505499966e+04,8.662401023283759827e+00
9.936322274994899635e+04,8.675883676560166791e+00
9.950486439267199603e+04,8.558427220567024207e+00
9.964603273085699766e+04,8.673824470412991872e+00
9.978718572245800169e+04,8.564186239824916669e+00
9.992850564522399509e+04,8.643148770406344994e+00
1.000698677989029966e+05,8.575294722889502452e+00
1.002109087302580010e+05,8.678279329000506692e+00
1.003520923658679967e+05,8.620398421787845322e+00
1.004934034888789902e+05,8.453693073366856936e+00
1.006346345121459890e+05,8.641082488672559236e+00
1.007758825183110021e+05,8.617119642682515845e+00
1.009171544092339900e+05,8.554058529363130603e+00
1.010585846697689994e+05,8.561384196858860207e+00
1.012001668000450009e+05,8.537174854256619483e+00
1.013412106763799966e+05,8.596337650075639658e+00
1.014828665238050016e+05,8.597906899734399033e+00
1.016238549794680002e+05,8.499532680227479986e+00
1.017653727621059952e+05,8.502063481604723805e+00
1.019069943048729911e+05,8.533497406614591441e+00
1.020484670190999896e+05,8.547000601103482254e+00
1.021895098798479885e+05,8.495199687420917911e+00
1.023306289348939899e+05,8.470569033269340409e+00
1.024713928439669980e+05,8.539855269363677337e+00
1.026125425149629882e+05,8.454905692294454767e+00
1.027538433766759990e+05,8.497410006750392597e+00
1.028950208854559896e+05,8.412917564926932101e+00
1.030356364476619929e+05,8.374007993043617759e+00
1.031775009849209891e+05,8.548390425887223643e+00
1.033182950601439952e+05,8.438712592952663627e+00
1.034604063611219899e+05,8.362518901885373168e+00
1.036017664989170007e+05,8.469841170194628788e+00
1.037430396039979969e+05,8.176419284658217990e+00
1.038841542904499947e+05,8.369900205683800110e+00
1.040249256804199977e+05,8.493129082911169192e+00
1.041664457709299895e+05,8.453233224582044514e+00
1.043076187627479958e+05,8.478995883980243065e+00
1.044485737760350021e+05,8.440413980389017468e+00
1.045893942845769925e+05,8.393372970191727234e+00
1.047299165067489957e+05,8.355805155750548607e+00
1.048708392353829986e+05,8.433709228787760637e+00
1.050124643125989969e+05,8.420602975458063355e+00
1.051531227345539955e+05,8.343860090209822999e+00
1.052941776017230004e+05,8.517095561186588171e+00
1.054356512516549992e+05,8.360951798279499414e+00
1.055767768119959946e+05,8.232743527174962495e+00
1.057179763699229952e+05,8.406078737648805088e+00
1.058586215863289981e+05,8.300717430668751007e+00
1.059996127188539976e+05,8.404756087296458844e+00
1.061402671952019882e+05,8.292526429769504048e+00
1.062807146317469887e+05,8.293732519606169973e+00
1.064212400994880009e+05,8.376952140590542939e+00
1.065621019723529898e+05,8.250654248147128556e+00
1.067028469579709927e+05,8.339387702688856763e+00
1.068437109449709969e+05,8.211945399221260544e+00
1.069839289720989909e+05,8.522648615096368729e+00
1.071247547355069983e+05,8.336598568447387336e+00
1.072649515274449950e+05,8.290893375126668019e+00
1.074061533433979930e+05,8.176905440762707755e+00
1.075465190571049898e+05,8.309451952750798398e+00
1.076871743435709941e+05,8.139716417111300117e+00
1.078281623558519932e+05,8.303436986459550084e+00
1.079699997148949915e+05,8.209614494796491968e+00
1.081116186229879968e+05,8.236460795275906577e+00
1.082529989304249902e+05,8.215722048087341634e+00
1.083936479354229959e+05,8.246576486445839294e+00
1.085349625342349900e+05,8.139747555161987336e+00
1.086760479377089941e+05,8.286758346670247022e+00
1.088168020458589890e+05,8.218672167300811182e+00
1.089575070545579947e+05,8.187902290238623593e+00
1.090981877811519953e+05,8.217469731569469360e+00
1.092388111639109993e+05,8.114498498501669488e+00
1.093796111760079948e+05,8.244541803141812508e+00
1.095212646877219959e+05,8.123002834539502004e+00
1.096623928990679997e+05,8.146895738832222733e+00
1.098033298477489880e+05,8.134544669292720798e+00
1.099440763156829926e+05,8.251380523434557190e+00
1.100849532610679889e+05,8.279043431957070709e+00
1.102256751073769992e+05,8.126215852759683500e+00
1.103675524737879896e+05,8.112384659634253481e+00
1.105083619958909985e+05,8.049082006853774729e+00
1.106493148510809988e+05,8.139869642737684430e+00
1.107907500587489922e+05,8.097765894960238242e+00
1.109316568683889927e+05,8.087344266646269375e+00
1.110733539103849907e+05,8.130176460670206495e+00
1.112146099934160011e+05,8.075346700611349959e+00
1.113552298714489880e+05,8.030488776865240652e+00
1.114956884835699893e+05,8.165666435502059173e+00
1.116365650572820014e+05,8.081057471558910521e+00
1.117777023291789956e+05,8.001401884539033560e+00
1.119181962164509896e+05,8.084972384946114587e+00
1.120596528442540002e+05,8.147998532957975826e+00
1.122006106799970003e+05,8.061305019664928295e+00
1.123413936627459916e+05,8.096298068353613431e+00
1.124822016547009989e+05,8.058404843099154391e+00
1.126233551242099929e+05,8.022304290818949468e+00
1.127638280747969984e+05,8.082357525732689396e+00
1.129044119988399907e+05,7.980649688683142173e+00
1.130448849572569889e+05,8.021616888129042167e+00
1.131850255132369930e+05,7.945393276727055643e+00
1.133254388679099939e+05,7.975818438806190791e+00
1.134665217138659937e+05,7.905028778981137094e+00
1.136075103861519892e+05,8.050472610061756740e+00
1.137485820017789956e+05,7.943455474510813019e+00
1.138899355650429934e+05,8.066538055321522904e+00
1.140310027603240014e+05,8.019314468720500244e+00
1.141717265060919890e+05,7.890976729678103929e+00
1.143122440538529918e+05,7.972189519666723179e+00
1.144527924120559910e+05,7.968857042122316159e+00
1.145936400187859981e+05,8.072143276110375965e+00
1.147336734354669898e+05,7.952145574796742444e+00
1.148737776503380010e+05,7.901231190281783334e+00
1.150143868706739886e+05,8.089167480067414928e+00
1.151544869116359914e+05,7.996660425989270848e+00
1.152947104403929989e+05,7.904901011641116249e+00
1.154349094440259942e+05,7.906560346931005512e+00
1.155756055860829947e+05,7.885668997803840341e+00
1.157159294314449944e+05,7.898409170216027064e+00
1.158558910154799960e+05,7.867751475663297356e+00
1.159961911976569972e+05,7.950587786020284042e+00
1.161366154503559956e+05,8.018023618033081945e+00
1.162770348028969893e+05,7.947821374036897701e+00
1.164175598408289952e+05,7.907133685445076665e+00
1.165577064577369893e+05,7.886523174067296083e+00
1.166979765997509967e+05,7.898655227285128255e+00
1.168389496898829966e+05,7.888288674014152235e+00
1.169797643063519936e+05,7.997687985060425220e+00
1.171200139710359945e+05,7.814466795303470548e+00
1.172602712871339900e+05,7.869959020551166695e+00
1.174006429488019930e+05,7.772750149620625493e+00
1.175415368211249879e+05,7.918369159939130597e+00
1.176827064861979889e+05,7.827030092432162078e+00
1.178231603598489892e+05,7.966868664764780839e+00
1.179639272129879973e+05,7.896444357471319009e+00
1.181045503252899944e+05,7.804623503792454287e+00
1.182451608324069966e+05,7.944584847948285677e+00
1.183856111548769986e+05,7.760430738629091607e+00
1.185256008202369994e+05,7.905317965294091920e+00
1.186661812590560003e+05,7.721127354724351299e+00
1.188070704696889879e+05,7.960303488557839202e+00
1.189477686333469901e+05,7.785460800871255138e+00
1.190889111027329927e+05,7.851509425982853507e+00
1.192297911289579934e+05,7.722064943619824540e+00
1.193702175970319950e+05,7.731620159722376151e+00
1.195107346397689980e+05,7.761590470497210070e+00
1.196510168154559942e+05,7.777791314195823702e+00
1.197913462534089922e+05,7.796028641843738782e+00
1.199315163117100019e+05,7.652595075285991477e+00
1.200719796824939986e+05,7.776132975007271853e+00
1.202126239092169999e+05,7.718785926189887903e+00
1.203534313880080008e+05,7.748420240811118020e+00
1.204939731709979969e+05,7.737965569009905842e+00
1.206344162140559929e+05,7.844258033704742950e+00
1.207749746654889896e+05,7.775705481525476692e+00
1.209152122416519996e+05,7.706298692004052597e+00
1.210561407744769967e+05,7.788349920105801516e+00
1.211967175739269878e+05,7.718659684763633955e+00
1.213373218304109905e+05,7.746615352174619495e+00
1.214781362382529915e+05,7.775840961898746073e+00
1.216193845199399948e+05,7.765867897654800345e+00
1.217599041236829944e+05,7.721485990894132456e+00
1.219004052533329959e+05,7.749137934476310718e+00
1.220405177961939917e+05,7.766015941746943874e+00
1.221814172962829907e+05,7.646434813636316719e+00
1.223220390855579899e+05,7.765256991277756704e+00
1.224636501191409916e+05,7.721546642153181317e+00
1.226039916916399961e+05,7.680371771889748622e+00
1.227447484221089981e+05,7.741676509740673673e+00
1.228850042571619997e+05,7.694376684891797602e+00
1.230262736923499906e+05,7.644811444433415204e+00
1.231670283768619993e+05,7.594954984585307933e+00
1.233079674242059991e+05,7.695038600730922163e+00
1.234482445482809999e+05,7.666854689172513559e+00
1.235890196973279963e+05,7.665064088465580738e+00
1.237295846674639906e+05,7.641076540179702725e+00
1.238701992158729990e+05,7.538727962368628965e+00
1.240108763541309891e+05,7.680909503318722464e+00
1.241513995615789900e+05,7.496332955485734750e+00
1.242923365712699888e+05,7.698883894006232964e+00
1.244332102416129928e+05,7.586434184619814225e+00
1.245742681227860012e+05,7.600195121626823536e+00
1.247148905299079925e+05,7.541361786002577894e+00
1.248555471961839939e+05,7.563413449310409931e+00
1.249959937190490018e+05,7.548596495975640863e+00
1.251369038979269972e+05,7.609039607931841864e+00
1.252773257091569976e+05,7.655357598365373661e+00
1.254180298158689984e+05,7.601333750619607699e+00
1.255588126429069962e+05,7.580673225942987870e+00
1.256993345410350012e+05,7.680694132749997571e+00
1.258401711634329986e+05,7.527445208188251691e+00
1.259809708959249983e+05,7.521346926523464482e+00
1.261218443795369967e+05,7.529972003636127731e+00
1.262625044565019925e+05,7.516598297836538656e+00
1.264034051588649891e+05,7.551310365983072259e+00
1.265439685102599906e+05,7.635571712076234974e+00
1.266848619247710012e+05,7.620047263283620254e+00
1.268253986741029948e+05,7.561338539102345102e+00
1.269662159169730003e+05,7.549620222960303551e+00
1.271074531794319919e+05,7.485989280191913231e+00
1.272482058563710016e+05,7.618123984347462851e+00
1.273879739339319931e+05,7.488050114425806036e+00
1.275280431081949937e+05,7.499268759887237401e+00
1.276686416188159928e+05,7.491967507342900845e+00
1.278089935483599984e+05,7.630403959425962057e+00
1.279494386950929911e+05,7.382326578872405065e+00
1.280894695116239891e+05,7.578466502842764463e+00
1.282301796037949971e+05,7.488205694902097420e+00
1.283710501584419981e+05,7.553207729564912931e+00
1.285116320684429957e+05,7.503918935428114168e+00
1.286523769018499879e+05,7.495873909960061532e+00
1.287929631109559996e+05,7.453041267940248460e+00
1.289330632490499993e+05,7.280414116259017909e+00
1.290732768418749911e+05,7.604185106997762844e+00
1.292135394122930011e+05,7.415188897421232994e+00
1.293540968270250014e+05,7.526870834518152087e+00
1.294945363678669964e+05,7.526676284988425891e+00
1.296349813251669984e+05,7.456833390184515409e+00
1.297751132448589924e+05,7.466342251820504039e+00
1.299151184030469885e+05,7.372784586003159113e+00
1.300554213904959906e+05,7.519650386200234848e+00
1.301955406681379973e+05,7.485756559785826880e+00
1.303357987256079941e+05,7.347007098201356001e+00
1.304772800021069997e+05,7.449389901043502071e+00
1.306183356609399925e+05,7.453366577282866778e+00
1.307588629870529985e+05,7.339281137927488707e+00
1.308993615212430013e+05,7.453414258286339411e+00
1.310398740657779999e+05,7.333312538749307663e+00
1.311801835945640050e+05,7.396589261208832866e+00
1.313203853125470050e+05,7.319687096824560868e+00
1.314604277783569996e+05,7.357520134579445426e+00
1.316010019012159901e+05,7.358324768374276736e+00
1.317415605777149904e+05,7.440319568534193628e+00
1.318814365765879920e+05,7.392479561472891980e+00
1.320215382603530015e+05,7.299611486938467841e+00
1.321617993557110021e+05,7.398477361433622335e+00
1.323020114722819999e+05,7.450975719455827928e+00
1.324430027940739819e+05,7.352602342625776721e+00
1.325830305008429859e+05,7.301777384727662579e+00
1.327234206782660040e+05,7.334321778743453812e+00
1.328633396776389854e+05,7.310632956097871116e+00
1.330035604766519973e+05,7.353753046983437791e+00
1.331441044749619905e+05,7.327346213833103583e+00
1.332847435123689938e+05,7.283110013622112966e+00
1.334255785588599974e+05,7.457853626137543657e+00
1.335656555788170081e+05,7.198728016535750562e+00
1.337061107106810086e+05,7.264121499463012555e+00
1.338463330478669959e+05,7.228119048179338257e+00
1.339869912459490006e+05,7.280345676575991298e+00
1.341275593527449819e+05,7.336771784854724032e+00
1.342681355631719925e+05,7.246943395232211316e+00
1.344087984483960026e+05,7.288176100064609919e+00
1.345490957798250020e+05,7.243884918615790980e+00
1.346896495602049981e+05,7.232864552142234338e+00
1.348302939758739958e+05,7.311297996782302633e+00
1.349711048533110006e+05,7.204397482440113798e+00
1.351116010663339985e+05,7.307652567203398952e+00
1.352519044076149876e+05,7.334779221145728556e+00
1.353930900553030078e+05,7.252048613230346774e+00
1.355336027194299968e+05,7.372627987708380459e+00
1.356737546975489822e+05,7.300190734488839261e+00
1.358142206205450057e+05,7.154267241443142744e+00
1.359548220178890042e+05,7.185721357446896107e+00
1.360954158680049877e+05,7.173108451119530216e+00
1.362356851669139869e+05,7.229146857262751524e+00
1.363766825406010030e+05,7.243493800296075591e+00
1.365172645400539914e+05,7.227874412113755476e+00
1.366572481741209922e+05,7.276827740103138709e+00
1.367978251497469901e+05,7.217834078907201523e+00
1.369379998539109947e+05,7.241432494977020795e+00
1.370786902337939828e+05,7.129013902026986038e+00
1.372184108614019933e+05,7.305401937677206803e+00
1.373589219311100023e+05,7.281472635166320373e+00
1.374988126766700007e+05,7.253119904624633740e+00
1.376386802231330075e+05,7.087054340621774529e+00
1.377784504964509979e+05,7.181237669473482299e+00
1.379184472065209993e+05,7.259477357025377664e+00
1.380584152385189955e+05,7.201363657930336615e+00
1.381979791113160027e+05,7.205077447095479926e+00
1.383379292053490062e+05,7.057893111369151207e+00
1.384783517366900051e+05,7.104115389509102485e+00
1.386184401771029807e+05,7.339321149439225422e+00
1.387588569128179806e+05,7.219988542031947176e+00
1.388990217234519951e+05,7.192176127545594433e+00
1.390388723198509833e+05,7.247845947524020005e+00
1.391793407528190000e+05,7.128102138690323386e+00
1.393201535638209898e+05,7.192520554258259757e+00
1.394605967978289991e+05,7.033087831439276627e+00
1.396009996423260018e+05,7.166088412507037653e+00
1.397417117559319886e+05,7.201253000663361270e+00
1.398824880056869879e+05,7.153568448969795490e+00
1.400232694109969889e+05,7.052830637798599867e+00
1.401639706722520059e+05,7.077497631979247750e+00
1.403045899069760053e+05,7.091286226349522437e+00
1.404455457490609842e+05,7.056220298145436942e+00
1.405864178985589824e+05,7.178709845831932057e+00
1.407269744584779837e+05,7.221545549444013723e+00
1.408673415715080046e+05,7.069612838079662787e+00
1.410075480236949807e+05,7.082181843300718427e+00
1.411480548438369879e+05,7.007042774484459002e+00
